i	j	i_id	j_id	r_sco	s_sco	prob
33	97	33_G	97_V	0.9026	2.984	1.000
34	96	34_S	96_D	0.8577	2.835	1.000
42	88	42_L	88_T	0.8185	2.706	1.000
76	128	76_D	128_K	0.8014	2.649	1.000
20	117	20_F	117_L	0.7558	2.498	1.000
121	142	121_E	142_S	0.7353	2.431	1.000
18	33	18_I	33_G	0.6921	2.288	1.000
90	94	90_D	94_V	0.6772	2.239	1.000
42	123	42_L	123_A	0.6582	2.176	1.000
46	63	46_H	63_H	0.6399	2.115	1.000
29	105	29_V	105_S	0.5699	1.884	1.000
30	98	30_K	98_S	0.5684	1.879	1.000
63	80	63_H	80_H	0.5639	1.864	1.000
89	95	89_A	95_A	0.5562	1.839	1.000
133	136	133_E	136_K	0.5425	1.793	1.000
60	116	60_A	116_T	0.5346	1.767	1.000
51	148	51_G	148_V	0.5326	1.760	1.000
69	78	69_R	78_E	0.5229	1.729	0.999
36	94	36_K	94_V	0.5221	1.726	0.999
131	139	131_N	139_N	0.5098	1.685	0.999
39	144	39_T	144_L	0.5093	1.684	0.999
48	120	48_H	120_H	0.5068	1.675	0.999
20	31	20_F	31_V	0.5055	1.671	0.999
70	135	70_K	135_T	0.5015	1.658	0.999
43	89	43_H	89_A	0.4947	1.635	0.999
133	139	133_E	139_N	0.4905	1.621	0.999
29	104	29_V	104_I	0.4884	1.615	0.999
112	115	112_I	115_R	0.4876	1.612	0.999
57	146	57_C	146_C	0.4827	1.596	0.999
28	100	28_P	100_E	0.4539	1.500	0.997
131	136	131_N	136_K	0.4516	1.493	0.997
32	98	32_W	98_S	0.4504	1.489	0.997
46	120	46_H	120_H	0.4499	1.487	0.997
20	149	20_F	149_I	0.4456	1.473	0.997
30	100	30_K	100_E	0.4401	1.455	0.996
73	126	73_G	126_L	0.4252	1.405	0.995
54	59	54_T	59_S	0.4233	1.399	0.995
66	81	66_P	81_V	0.4166	1.377	0.994
33	98	33_G	98_S	0.4005	1.324	0.991
18	117	18_I	117_L	0.3984	1.317	0.991
20	112	20_F	112_I	0.3976	1.314	0.991
55	58	55_A	58_T	0.3917	1.295	0.989
8	145	8_L	145_A	0.3884	1.284	0.988
60	118	60_A	118_V	0.3880	1.283	0.988
41	89	41_G	89_A	0.3829	1.266	0.987
49	62	49_E	62_P	0.3824	1.264	0.987
50	61	50_F	61_G	0.3812	1.260	0.986
70	78	70_K	78_E	0.3765	1.245	0.985
86	126	86_N	126_L	0.3755	1.241	0.984
84	101	84_L	101_D	0.3739	1.236	0.984
21	32	21_E	32_W	0.3734	1.234	0.984
134	137	134_S	137_T	0.3702	1.224	0.983
64	81	64_F	81_V	0.3673	1.214	0.981
63	120	63_H	120_H	0.3595	1.189	0.978
22	106	22_Q	106_L	0.3574	1.181	0.977
48	63	48_H	63_H	0.3482	1.151	0.972
52	59	52_D	59_S	0.3478	1.150	0.971
84	104	84_L	104_I	0.3429	1.134	0.968
108	111	108_G	111_C	0.3417	1.129	0.967
67	81	67_L	81_V	0.3395	1.122	0.965
79	101	79_R	101_D	0.3386	1.119	0.965
125	134	125_D	134_S	0.3329	1.101	0.960
18	97	18_I	97_V	0.3222	1.065	0.950
53	116	53_N	116_T	0.3148	1.041	0.941
64	110	64_F	110_H	0.3139	1.038	0.940
15	145	15_Q	145_A	0.3064	1.013	0.930
50	116	50_F	116_T	0.3005	0.993	0.920
32	96	32_W	96_D	0.2983	0.986	0.917
48	143	48_H	143_R	0.2967	0.981	0.914
71	74	71_H	74_P	0.2967	0.981	0.914
60	143	60_A	143_R	0.2963	0.979	0.913
53	146	53_N	146_C	0.2956	0.977	0.912
50	115	50_F	115_R	0.2909	0.962	0.903
18	31	18_I	31_V	0.2908	0.961	0.902
120	143	120_H	143_R	0.2883	0.953	0.897
71	80	71_H	80_H	0.2883	0.953	0.897
35	87	35_I	87_V	0.2862	0.946	0.893
47	104	47_V	104_I	0.2854	0.943	0.891
126	133	126_L	133_E	0.2845	0.941	0.890
65	69	65_N	69_R	0.2841	0.939	0.888
22	29	22_Q	29_V	0.2836	0.937	0.887
47	149	47_V	149_I	0.2832	0.936	0.886
121	144	121_E	144_L	0.2827	0.935	0.886
137	142	137_T	142_S	0.2814	0.930	0.882
131	135	131_N	135_T	0.2812	0.930	0.882
35	119	35_I	119_V	0.2812	0.930	0.882
64	115	64_F	115_R	0.2805	0.927	0.880
124	138	124_D	138_G	0.2804	0.927	0.880
67	110	67_L	110_H	0.2791	0.923	0.877
23	30	23_K	30_K	0.2779	0.919	0.874
72	76	72_G	76_D	0.2773	0.917	0.872
44	140	44_G	140_A	0.2772	0.916	0.872
24	27	24_E	27_G	0.2770	0.916	0.872
101	104	101_D	104_I	0.2757	0.911	0.868
125	139	125_D	139_N	0.2732	0.903	0.861
87	95	87_V	95_A	0.2716	0.898	0.857
29	106	29_V	106_L	0.2715	0.897	0.856
40	91	40_E	91_K	0.2714	0.897	0.856
40	93	40_E	93_G	0.2706	0.895	0.855
129	132	129_G	132_E	0.2691	0.890	0.850
132	135	132_E	135_T	0.2663	0.880	0.841
31	99	31_V	99_I	0.2653	0.877	0.839
33	45	33_G	45_F	0.2649	0.876	0.838
65	68	65_N	68_S	0.2633	0.870	0.832
23	28	23_K	28_P	0.2632	0.870	0.832
112	149	112_I	149_I	0.2628	0.869	0.831
65	70	65_N	70_K	0.2628	0.869	0.831
46	80	46_H	80_H	0.2619	0.866	0.828
15	37	15_Q	37_G	0.2614	0.864	0.826
34	94	34_S	94_V	0.2612	0.864	0.826
38	119	38_L	119_V	0.2604	0.861	0.823
39	43	39_T	43_H	0.2603	0.861	0.823
33	95	33_G	95_A	0.2593	0.857	0.819
16	35	16_G	35_I	0.2591	0.857	0.819
138	141	138_G	141_G	0.2587	0.855	0.817
22	28	22_Q	28_P	0.2579	0.852	0.814
105	111	105_S	111_C	0.2572	0.850	0.812
17	34	17_I	34_S	0.2570	0.850	0.812
63	83	63_H	83_D	0.2535	0.838	0.799
122	139	122_K	139_N	0.2527	0.835	0.796
49	68	49_E	68_S	0.2523	0.834	0.795
57	115	57_C	115_R	0.2521	0.833	0.793
110	113	110_H	113_I	0.2518	0.832	0.792
130	136	130_G	136_K	0.2507	0.829	0.789
9	15	9_K	15_Q	0.2488	0.822	0.781
134	139	134_S	139_N	0.2477	0.819	0.777
72	75	72_G	75_K	0.2476	0.818	0.776
47	101	47_V	101_D	0.2463	0.814	0.771
55	59	55_A	59_S	0.2450	0.810	0.766
15	36	15_Q	36_K	0.2417	0.799	0.752
21	30	21_E	30_K	0.2397	0.792	0.743
51	116	51_G	116_T	0.2395	0.792	0.743
80	124	80_H	124_D	0.2384	0.788	0.738
107	111	107_S	111_C	0.2378	0.786	0.735
46	143	46_H	143_R	0.2376	0.785	0.734
143	146	143_R	146_C	0.2368	0.783	0.731
19	32	19_N	32_W	0.2366	0.782	0.730
137	140	137_T	140_A	0.2349	0.777	0.723
114	150	114_G	150_G	0.2330	0.770	0.714
73	79	73_G	79_R	0.2325	0.768	0.711
122	144	122_K	144_L	0.2303	0.761	0.701
73	76	73_G	76_D	0.2282	0.754	0.691
31	104	31_V	104_I	0.2257	0.746	0.679
47	117	47_V	117_L	0.2254	0.745	0.677
45	119	45_F	119_V	0.2225	0.736	0.664
133	137	133_E	137_T	0.2219	0.734	0.660
106	111	106_L	111_C	0.2218	0.733	0.659
125	138	125_D	138_G	0.2215	0.732	0.657
45	87	45_F	87_V	0.2196	0.726	0.648
35	95	35_I	95_A	0.2190	0.724	0.645
38	95	38_L	95_A	0.2179	0.720	0.639
23	27	23_K	27_G	0.2178	0.720	0.639
80	141	80_H	141_G	0.2171	0.718	0.635
50	60	50_F	60_A	0.2164	0.715	0.631
132	136	132_E	136_K	0.2162	0.715	0.631
136	139	136_K	139_N	0.2156	0.713	0.627
4	8	4_A	8_L	0.2147	0.710	0.623
46	62	46_H	62_P	0.2131	0.704	0.613
104	112	104_I	112_I	0.2129	0.704	0.613
72	79	72_G	79_R	0.2127	0.703	0.611
33	99	33_G	99_I	0.2113	0.698	0.603
85	126	85_G	126_L	0.2103	0.695	0.598
134	138	134_S	138_G	0.2079	0.687	0.585
45	95	45_F	95_A	0.2056	0.679	0.571
80	120	80_H	120_H	0.2048	0.677	0.568
7	35	7_V	35_I	0.2046	0.676	0.566
63	143	63_H	143_R	0.2011	0.665	0.548
64	104	64_F	104_I	0.2006	0.663	0.544
105	110	105_S	110_H	0.1998	0.660	0.539
86	125	86_N	125_D	0.1986	0.657	0.534
39	89	39_T	89_A	0.1973	0.652	0.526
86	134	86_N	134_S	0.1962	0.649	0.520
71	141	71_H	141_G	0.1961	0.648	0.519
120	140	120_H	140_A	0.1959	0.647	0.517
26	100	26_N	100_E	0.1958	0.647	0.517
69	74	69_R	74_P	0.1948	0.644	0.512
6	9	6_C	9_K	0.1945	0.643	0.510
43	144	43_H	144_L	0.1945	0.643	0.510
37	93	37_G	93_G	0.1943	0.642	0.508
35	94	35_I	94_V	0.1926	0.637	0.500
79	103	79_R	103_V	0.1908	0.631	0.490
53	60	53_N	60_A	0.1900	0.628	0.484
63	124	63_H	124_D	0.1894	0.626	0.481
80	83	80_H	83_D	0.1890	0.625	0.479
9	13	9_K	13_P	0.1888	0.624	0.478
75	78	75_K	78_E	0.1880	0.621	0.472
53	59	53_N	59_S	0.1880	0.621	0.472
90	93	90_D	93_G	0.1877	0.620	0.471
48	80	48_H	80_H	0.1867	0.617	0.466
4	9	4_A	9_K	0.1858	0.614	0.460
18	147	18_I	147_G	0.1838	0.608	0.450
129	136	129_G	136_K	0.1830	0.605	0.445
109	113	109_D	113_I	0.1829	0.605	0.445
130	135	130_G	135_T	0.1804	0.596	0.430
51	115	51_G	115_R	0.1799	0.595	0.428
64	106	64_F	106_L	0.1796	0.594	0.427
18	45	18_I	45_F	0.1795	0.593	0.425
49	61	49_E	61_G	0.1776	0.587	0.415
50	150	50_F	150_G	0.1771	0.586	0.413
45	120	45_F	120_H	0.1770	0.585	0.412
44	87	44_G	87_V	0.1769	0.585	0.412
51	150	51_G	150_G	0.1767	0.584	0.410
62	120	62_P	120_H	0.1755	0.580	0.403
66	112	66_P	112_I	0.1750	0.579	0.402
129	135	129_G	135_T	0.1742	0.576	0.397
134	140	134_S	140_A	0.1729	0.571	0.388
65	71	65_N	71_H	0.1726	0.570	0.387
56	59	56_G	59_S	0.1723	0.570	0.387
27	102	27_G	102_S	0.1722	0.569	0.385
70	75	70_K	75_K	0.1721	0.569	0.385
69	73	69_R	73_G	0.1711	0.566	0.380
105	108	105_S	108_G	0.1706	0.564	0.377
45	99	45_F	99_I	0.1702	0.562	0.374
81	103	81_V	103_V	0.1699	0.562	0.374
80	137	80_H	137_T	0.1690	0.559	0.369
40	89	40_E	89_A	0.1689	0.558	0.367
118	143	118_V	143_R	0.1681	0.556	0.364
52	56	52_D	56_G	0.1673	0.553	0.360
97	126	97_V	126_L	0.1666	0.551	0.356
25	28	25_S	28_P	0.1666	0.551	0.356
79	85	79_R	85_G	0.1659	0.548	0.352
