i	j	i_id	j_id	r_sco	s_sco	prob
121	133	121_L	133_M	0.8563	3.885	1.000
251	281	251_K	281_T	0.8397	3.810	1.000
25	69	25_N	69_N	0.7962	3.613	1.000
240	264	240_Y	264_A	0.7488	3.398	1.000
73	94	73_E	94_K	0.7194	3.264	1.000
170	182	170_V	182_V	0.6513	2.955	1.000
125	131	125_V	131_V	0.6401	2.905	1.000
117	133	117_T	133_M	0.6261	2.841	1.000
251	278	251_K	278_T	0.6202	2.814	1.000
163	211	163_S	211_Y	0.5752	2.610	1.000
27	102	27_T	102_T	0.5722	2.597	1.000
340	343	340_Q	343_Q	0.5599	2.541	1.000
78	87	78_I	87_V	0.5578	2.531	1.000
337	340	337_D	340_Q	0.5515	2.502	1.000
29	75	29_L	75_V	0.5414	2.457	1.000
177	195	177_L	195_S	0.5386	2.444	1.000
25	71	25_N	71_K	0.5303	2.406	1.000
331	344	331_A	344_I	0.5266	2.390	1.000
260	328	260_G	328_L	0.5150	2.337	1.000
177	182	177_L	182_V	0.4976	2.258	1.000
254	282	254_V	282_A	0.4974	2.257	1.000
85	244	85_D	244_N	0.4786	2.172	1.000
237	258	237_G	258_Y	0.4748	2.154	1.000
106	158	106_V	158_A	0.4711	2.137	1.000
171	176	171_V	176_V	0.4698	2.132	1.000
99	129	99_C	129_K	0.4626	2.099	1.000
264	321	264_A	321_P	0.4600	2.087	1.000
71	102	71_K	102_T	0.4507	2.045	1.000
99	105	99_C	105_F	0.4456	2.022	1.000
280	284	280_A	284_K	0.4401	1.997	1.000
292	316	292_S	316_S	0.4341	1.970	1.000
95	107	95_I	107_I	0.4307	1.954	1.000
27	98	27_T	98_D	0.4270	1.937	1.000
185	194	185_T	194_K	0.4264	1.935	1.000
176	202	176_V	202_G	0.4153	1.885	1.000
30	36	30_A	36_A	0.4129	1.874	1.000
153	174	153_N	174_D	0.4107	1.864	1.000
278	281	278_T	281_T	0.4088	1.855	1.000
84	87	84_N	87_V	0.4048	1.837	1.000
99	127	99_C	127_C	0.3992	1.811	1.000
114	170	114_M	170_V	0.3927	1.782	1.000
338	342	338_P	342_Q	0.3926	1.782	1.000
92	124	92_A	124_T	0.3870	1.756	1.000
291	313	291_R	313_F	0.3834	1.740	0.999
76	87	76_V	87_V	0.3816	1.732	0.999
265	291	265_G	291_R	0.3815	1.731	0.999
157	176	157_T	176_V	0.3803	1.726	0.999
247	278	247_D	278_T	0.3795	1.722	0.999
247	251	247_D	251_K	0.3762	1.707	0.999
75	94	75_V	94_K	0.3728	1.692	0.999
249	253	249_P	253_L	0.3699	1.678	0.999
153	171	153_N	171_V	0.3696	1.677	0.999
54	72	54_V	72_G	0.3693	1.676	0.999
83	87	83_M	87_V	0.3673	1.667	0.999
290	316	290_V	316_S	0.3647	1.655	0.999
122	180	122_D	180_R	0.3604	1.636	0.999
29	94	29_L	94_K	0.3595	1.631	0.999
88	243	88_W	243_A	0.3512	1.593	0.999
94	97	94_K	97_T	0.3465	1.572	0.998
185	192	185_T	192_T	0.3453	1.567	0.998
290	345	290_V	345_F	0.3447	1.564	0.998
98	101	98_D	101_K	0.3412	1.548	0.998
29	73	29_L	73_E	0.3377	1.532	0.998
128	165	128_D	165_N	0.3375	1.531	0.998
238	321	238_I	321_P	0.3358	1.524	0.998
134	172	134_V	172_M	0.3319	1.506	0.997
251	255	251_K	255_D	0.3317	1.505	0.997
85	329	85_D	329_Q	0.3307	1.501	0.997
88	326	88_W	326_V	0.3288	1.492	0.997
331	341	331_A	341_I	0.3258	1.478	0.997
235	259	235_K	259_D	0.3226	1.464	0.997
128	164	128_D	164_A	0.3219	1.461	0.997
120	124	120_F	124_T	0.3208	1.455	0.996
338	341	338_P	341_I	0.3186	1.446	0.996
290	328	290_V	328_L	0.3186	1.446	0.996
233	259	233_L	259_D	0.3156	1.432	0.996
281	285	281_T	285_T	0.3148	1.429	0.996
53	56	53_G	56_N	0.3137	1.423	0.995
175	191	175_T	191_A	0.3109	1.411	0.995
94	98	94_K	98_D	0.3107	1.410	0.995
288	341	288_A	341_I	0.3084	1.399	0.995
280	311	280_A	311_Y	0.3076	1.396	0.995
306	310	306_V	310_K	0.3069	1.393	0.994
152	156	152_Y	156_V	0.3059	1.388	0.994
55	59	55_E	59_N	0.3044	1.381	0.994
186	297	186_N	297_T	0.3043	1.381	0.994
157	171	157_T	171_V	0.3029	1.375	0.994
109	117	109_H	117_T	0.3026	1.373	0.994
235	246	235_K	246_S	0.2962	1.344	0.992
88	120	88_W	120_F	0.2925	1.327	0.991
73	98	73_E	98_D	0.2925	1.327	0.991
95	105	95_I	105_F	0.2921	1.325	0.991
95	131	95_I	131_V	0.2844	1.290	0.989
92	96	92_A	96_N	0.2837	1.287	0.989
250	282	250_A	282_A	0.2810	1.275	0.988
149	153	149_F	153_N	0.2803	1.272	0.987
307	310	307_D	310_K	0.2797	1.269	0.987
106	155	106_V	155_V	0.2793	1.267	0.987
105	129	105_F	129_K	0.2776	1.260	0.986
145	148	145_A	148_P	0.2717	1.233	0.984
166	216	166_R	216_A	0.2716	1.232	0.983
167	178	167_G	178_D	0.2715	1.232	0.983
283	289	283_A	289_V	0.2693	1.222	0.982
132	169	132_V	169_L	0.2668	1.211	0.981
82	273	82_D	273_K	0.2664	1.209	0.981
25	103	25_N	103_D	0.2657	1.206	0.980
292	321	292_S	321_P	0.2642	1.199	0.979
30	54	30_A	54_V	0.2637	1.197	0.979
87	90	87_V	90_T	0.2633	1.195	0.979
250	278	250_A	278_T	0.2607	1.183	0.977
89	124	89_L	124_T	0.2599	1.179	0.976
331	335	331_A	335_T	0.2598	1.179	0.976
302	305	302_Q	305_E	0.2589	1.175	0.976
237	253	237_G	253_L	0.2561	1.162	0.974
178	201	178_D	201_L	0.2553	1.159	0.973
176	209	176_V	209_I	0.2552	1.158	0.973
235	248	235_K	248_L	0.2541	1.153	0.972
254	287	254_V	287_T	0.2531	1.148	0.971
23	69	23_L	69_N	0.2530	1.148	0.971
85	88	85_D	88_W	0.2504	1.136	0.969
241	272	241_N	272_Y	0.2494	1.132	0.968
203	212	203_Y	212_Q	0.2491	1.130	0.967
250	275	250_A	275_V	0.2485	1.128	0.967
240	321	240_Y	321_P	0.2475	1.123	0.966
52	140	52_V	140_S	0.2449	1.111	0.963
93	229	93_K	229_K	0.2433	1.104	0.961
279	313	279_L	313_F	0.2422	1.099	0.960
234	333	234_P	333_T	0.2405	1.091	0.958
91	107	91_L	107_I	0.2398	1.088	0.957
166	214	166_R	214_T	0.2397	1.087	0.956
335	344	335_T	344_I	0.2396	1.087	0.956
24	161	24_P	161_K	0.2368	1.074	0.953
114	135	114_M	135_G	0.2365	1.073	0.952
181	213	181_D	213_R	0.2363	1.072	0.952
248	252	248_L	252_A	0.2353	1.068	0.951
157	204	157_T	204_I	0.2337	1.060	0.948
138	190	138_R	190_V	0.2331	1.058	0.947
169	201	169_L	201_L	0.2315	1.051	0.945
26	159	26_I	159_A	0.2312	1.049	0.944
30	74	30_A	74_Q	0.2307	1.047	0.943
27	73	27_T	73_E	0.2304	1.045	0.943
78	83	78_I	83_M	0.2300	1.044	0.942
160	211	160_D	211_Y	0.2298	1.043	0.942
263	279	263_S	279_L	0.2296	1.042	0.942
239	253	239_V	253_L	0.2278	1.034	0.939
252	256	252_A	256_A	0.2275	1.032	0.938
247	281	247_D	281_T	0.2269	1.030	0.937
253	258	253_L	258_Y	0.2262	1.026	0.935
157	163	157_T	163_S	0.2246	1.019	0.932
187	293	187_T	293_S	0.2236	1.015	0.931
135	172	135_G	172_M	0.2231	1.012	0.929
186	189	186_N	189_D	0.2229	1.012	0.929
101	129	101_K	129_K	0.2227	1.010	0.928
288	314	288_A	314_V	0.2220	1.008	0.927
160	163	160_D	163_S	0.2205	1.001	0.924
47	50	47_Y	50_G	0.2203	1.000	0.924
177	200	177_L	200_P	0.2197	0.997	0.922
27	71	27_T	71_K	0.2189	0.993	0.920
283	312	283_A	312_G	0.2182	0.990	0.919
93	97	93_K	97_T	0.2181	0.990	0.919
28	151	28_I	151_L	0.2178	0.988	0.918
76	91	76_V	91_L	0.2174	0.987	0.917
261	282	261_I	282_A	0.2148	0.975	0.911
119	123	119_Y	123_L	0.2148	0.975	0.911
113	266	113_T	266_V	0.2140	0.971	0.908
24	103	24_P	103_D	0.2139	0.971	0.908
96	126	96_N	126_K	0.2123	0.963	0.904
68	155	68_A	155_V	0.2120	0.962	0.903
163	169	163_S	169_L	0.2111	0.958	0.901
104	130	104_G	130_P	0.2110	0.957	0.900
28	108	28_I	108_T	0.2102	0.954	0.898
328	341	328_L	341_I	0.2089	0.948	0.894
171	204	171_V	204_I	0.2087	0.947	0.894
111	135	111_T	135_G	0.2086	0.947	0.894
166	211	166_R	211_Y	0.2086	0.947	0.894
271	279	271_L	279_L	0.2080	0.944	0.892
163	166	163_S	166_R	0.2067	0.938	0.888
281	284	281_T	284_K	0.2066	0.937	0.887
236	332	236_V	332_L	0.2057	0.933	0.884
204	209	204_I	209_I	0.2051	0.931	0.883
239	250	239_V	250_A	0.2046	0.928	0.881
54	57	54_V	57_L	0.2046	0.928	0.881
35	147	35_I	147_G	0.2042	0.927	0.880
185	296	185_T	296_P	0.2042	0.927	0.880
62	152	62_P	152_Y	0.2030	0.921	0.875
111	184	111_T	184_K	0.2030	0.921	0.875
325	329	325_R	329_Q	0.2028	0.920	0.875
308	313	308_D	313_F	0.2024	0.918	0.873
173	191	173_N	191_A	0.2021	0.917	0.872
283	311	283_A	311_Y	0.2011	0.912	0.869
340	344	340_Q	344_I	0.2009	0.912	0.869
106	159	106_V	159_A	0.2000	0.908	0.865
132	158	132_V	158_A	0.1996	0.906	0.864
49	53	49_V	53_G	0.1992	0.904	0.862
86	90	86_N	90_T	0.1980	0.898	0.857
245	275	245_A	275_V	0.1979	0.898	0.857
38	51	38_G	51_K	0.1970	0.894	0.854
68	159	68_A	159_A	0.1968	0.893	0.853
50	53	50_G	53_G	0.1967	0.893	0.853
29	98	29_L	98_D	0.1966	0.892	0.852
107	133	107_I	133_M	0.1961	0.890	0.850
89	93	89_L	93_K	0.1956	0.888	0.849
62	68	62_P	68_A	0.1954	0.886	0.847
122	178	122_D	178_D	0.1951	0.885	0.846
335	340	335_T	340_Q	0.1938	0.879	0.840
43	47	43_T	47_Y	0.1938	0.879	0.840
37	47	37_G	47_Y	0.1938	0.879	0.840
292	324	292_S	324_A	0.1937	0.879	0.840
302	309	302_Q	309_A	0.1935	0.878	0.839
241	266	241_N	266_V	0.1934	0.878	0.839
81	270	81_Q	270_N	0.1926	0.874	0.836
183	321	183_T	321_P	0.1916	0.870	0.832
26	103	26_I	103_D	0.1909	0.866	0.828
85	243	85_D	243_A	0.1898	0.861	0.823
38	56	38_G	56_N	0.1896	0.860	0.822
255	281	255_D	281_T	0.1892	0.859	0.821
235	258	235_K	258_Y	0.1891	0.858	0.820
156	207	156_V	207_G	0.1880	0.853	0.815
26	155	26_I	155_V	0.1877	0.852	0.814
175	194	175_T	194_K	0.1877	0.852	0.814
74	77	74_Q	77_N	0.1874	0.850	0.812
241	275	241_N	275_V	0.1874	0.850	0.812
115	294	115_E	294_R	0.1874	0.850	0.812
71	98	71_K	98_D	0.1862	0.845	0.807
102	105	102_T	105_F	0.1861	0.845	0.807
67	152	67_I	152_Y	0.1861	0.844	0.805
239	249	239_V	249_P	0.1860	0.844	0.805
119	326	119_Y	326_V	0.1856	0.842	0.803
102	129	102_T	129_K	0.1856	0.842	0.803
95	99	95_I	99_C	0.1855	0.842	0.803
186	298	186_N	298_G	0.1853	0.841	0.802
114	133	114_M	133_M	0.1846	0.838	0.799
294	322	294_R	322_Q	0.1843	0.836	0.797
250	279	250_A	279_L	0.1843	0.836	0.797
123	327	123_L	327_L	0.1824	0.827	0.787
241	271	241_N	271_L	0.1807	0.820	0.778
263	271	263_S	271_L	0.1807	0.820	0.778
37	50	37_G	50_G	0.1804	0.818	0.776
277	281	277_D	281_T	0.1800	0.817	0.775
35	136	35_I	136_A	0.1800	0.817	0.775
118	170	118_A	170_V	0.1790	0.812	0.769
31	109	31_T	109_H	0.1789	0.812	0.769
183	320	183_T	320_N	0.1788	0.811	0.768
95	125	95_I	125_V	0.1787	0.811	0.768
212	317	212_Q	317_G	0.1786	0.810	0.766
50	57	50_G	57_L	0.1785	0.810	0.766
115	322	115_E	322_Q	0.1779	0.807	0.763
127	131	127_C	131_V	0.1771	0.804	0.759
237	246	237_G	246_S	0.1770	0.803	0.758
181	323	181_D	323_K	0.1769	0.803	0.758
40	48	40_D	48_T	0.1768	0.802	0.756
258	287	258_Y	287_T	0.1767	0.802	0.756
277	280	277_D	280_A	0.1765	0.801	0.755
339	343	339_Q	343_Q	0.1759	0.798	0.751
248	256	248_L	256_A	0.1756	0.797	0.750
112	270	112_D	270_N	0.1755	0.796	0.749
278	282	278_T	282_A	0.1751	0.794	0.746
254	261	254_V	261_I	0.1747	0.793	0.745
181	318	181_D	318_T	0.1742	0.790	0.741
316	324	316_S	324_A	0.1741	0.790	0.741
134	154	134_V	154_A	0.1736	0.788	0.738
48	51	48_T	51_K	0.1731	0.786	0.735
30	72	30_A	72_G	0.1731	0.785	0.734
116	294	116_E	294_R	0.1727	0.784	0.733
122	179	122_D	179_G	0.1722	0.781	0.729
119	180	119_Y	180_R	0.1722	0.781	0.729
37	49	37_G	49_V	0.1719	0.780	0.727
28	155	28_I	155_V	0.1716	0.779	0.726
35	108	35_I	108_T	0.1714	0.778	0.725
169	211	169_L	211_Y	0.1708	0.775	0.721
63	148	63_Q	148_P	0.1705	0.774	0.719
119	327	119_Y	327_L	0.1703	0.773	0.718
321	324	321_P	324_A	0.1701	0.772	0.716
187	295	187_T	295_V	0.1693	0.768	0.711
112	267	112_D	267_G	0.1693	0.768	0.711
283	286	283_A	286_G	0.1683	0.764	0.705
48	139	48_T	139_P	0.1680	0.762	0.702
241	263	241_N	263_S	0.1680	0.762	0.702
137	172	137_M	172_M	0.1672	0.759	0.698
258	261	258_Y	261_I	0.1671	0.758	0.696
85	89	85_D	89_L	0.1667	0.756	0.694
107	121	107_I	121_L	0.1663	0.755	0.692
245	250	245_A	250_A	0.1657	0.752	0.688
227	230	227_V	230_L	0.1656	0.751	0.686
69	103	69_N	103_D	0.1652	0.750	0.685
118	182	118_A	182_V	0.1648	0.748	0.682
88	117	88_W	117_T	0.1645	0.746	0.679
184	267	184_K	267_G	0.1643	0.746	0.679
63	66	63_Q	66_D	0.1642	0.745	0.677
288	338	288_A	338_P	0.1640	0.744	0.676
234	259	234_P	259_D	0.1636	0.742	0.673
86	234	86_N	234_P	0.1633	0.741	0.671
167	201	167_G	201_L	0.1632	0.741	0.671
36	108	36_A	108_T	0.1632	0.740	0.670
212	215	212_Q	215_P	0.1628	0.739	0.668
303	307	303_D	307_D	0.1624	0.737	0.665
118	133	118_A	133_M	0.1624	0.737	0.665
188	268	188_T	268_N	0.1623	0.736	0.664
62	65	62_P	65_K	0.1621	0.736	0.664
202	211	202_G	211_Y	0.1618	0.734	0.660
76	90	76_V	90_T	0.1615	0.733	0.659
241	245	241_N	245_A	0.1614	0.732	0.657
259	287	259_D	287_T	0.1613	0.732	0.657
245	272	245_A	272_Y	0.1610	0.730	0.654
139	142	139_P	142_S	0.1609	0.730	0.654
43	46	43_T	46_N	0.1607	0.729	0.653
266	272	266_V	272_Y	0.1603	0.727	0.650
187	299	187_T	299_A	0.1599	0.725	0.647
271	275	271_L	275_V	0.1598	0.725	0.647
247	274	247_D	274_S	0.1596	0.724	0.645
270	305	270_N	305_E	0.1595	0.724	0.645
38	52	38_G	52_V	0.1593	0.723	0.643
320	323	320_N	323_K	0.1592	0.722	0.642
175	203	175_T	203_Y	0.1590	0.722	0.642
279	283	279_L	283_A	0.1590	0.722	0.642
169	176	169_L	176_V	0.1587	0.720	0.639
92	121	92_A	121_L	0.1583	0.718	0.635
183	296	183_T	296_P	0.1582	0.718	0.635
144	149	144_S	149_F	0.1581	0.718	0.635
188	299	188_T	299_A	0.1580	0.717	0.634
183	322	183_T	322_Q	0.1578	0.716	0.632
323	326	323_K	326_V	0.1562	0.709	0.621
166	169	166_R	169_L	0.1561	0.708	0.619
307	311	307_D	311_Y	0.1560	0.708	0.619
137	190	137_M	190_V	0.1557	0.707	0.618
140	145	140_S	145_A	0.1552	0.704	0.613
185	297	185_T	297_T	0.1544	0.701	0.608
123	330	123_L	330_L	0.1543	0.700	0.606
133	179	133_M	179_G	0.1542	0.700	0.606
205	268	205_H	268_N	0.1541	0.699	0.605
181	327	181_D	327_L	0.1541	0.699	0.605
175	200	175_T	200_P	0.1540	0.699	0.605
140	147	140_S	147_G	0.1536	0.697	0.601
283	313	283_A	313_F	0.1532	0.695	0.598
188	301	188_T	301_T	0.1528	0.693	0.595
83	243	83_M	243_A	0.1528	0.693	0.595
178	181	178_D	181_D	0.1522	0.691	0.592
92	120	92_A	120_F	0.1521	0.690	0.590
302	315	302_Q	315_A	0.1520	0.690	0.590
29	95	29_L	95_I	0.1517	0.688	0.587
82	303	82_D	303_D	0.1515	0.687	0.585
279	289	279_L	289_V	0.1513	0.687	0.585
319	327	319_L	327_L	0.1510	0.685	0.582
96	228	96_N	228_S	0.1510	0.685	0.582
330	334	330_L	334_Q	0.1510	0.685	0.582
324	345	324_A	345_F	0.1506	0.683	0.578
98	102	98_D	102_T	0.1504	0.683	0.578
288	332	288_A	332_L	0.1503	0.682	0.576
331	336	331_A	336_K	0.1500	0.681	0.575
157	209	157_T	209_I	0.1497	0.679	0.571
39	141	39_G	141_T	0.1496	0.679	0.571
243	322	243_A	322_Q	0.1494	0.678	0.570
337	343	337_D	343_Q	0.1494	0.678	0.570
276	311	276_F	311_Y	0.1488	0.675	0.565
99	125	99_C	125_V	0.1487	0.675	0.565
39	142	39_G	142_S	0.1484	0.673	0.561
209	212	209_I	212_Q	0.1482	0.673	0.561
240	322	240_Y	322_Q	0.1480	0.672	0.560
90	94	90_T	94_K	0.1478	0.671	0.558
336	340	336_K	340_Q	0.1475	0.670	0.556
55	74	55_E	74_Q	0.1474	0.669	0.555
79	82	79_G	82_D	0.1471	0.667	0.551
146	184	146_D	184_K	0.1470	0.667	0.551
98	105	98_D	105_F	0.1467	0.666	0.549
40	43	40_D	43_T	0.1464	0.664	0.546
123	180	123_L	180_R	0.1464	0.664	0.546
276	280	276_F	280_A	0.1460	0.662	0.543
27	95	27_T	95_I	0.1449	0.658	0.536
123	323	123_L	323_K	0.1445	0.656	0.532
251	254	251_K	254_V	0.1438	0.652	0.526
37	81	37_G	81_Q	0.1437	0.652	0.526
99	128	99_C	128_D	0.1437	0.652	0.526
254	285	254_V	285_T	0.1436	0.651	0.524
262	290	262_V	290_V	0.1436	0.651	0.524
302	308	302_Q	308_D	0.1432	0.650	0.522
79	114	79_G	114_M	0.1432	0.650	0.522
228	334	228_S	334_Q	0.1428	0.648	0.519
268	301	268_N	301_T	0.1423	0.646	0.515
55	71	55_E	71_K	0.1423	0.646	0.515
254	257	254_V	257_G	0.1421	0.645	0.514
203	210	203_Y	210_D	0.1419	0.644	0.512
106	134	106_V	134_V	0.1418	0.644	0.512
309	315	309_A	315_A	0.1417	0.643	0.510
316	345	316_S	345_F	0.1414	0.642	0.508
282	287	282_A	287_T	0.1408	0.639	0.503
255	285	255_D	285_T	0.1406	0.638	0.502
282	288	282_A	288_A	0.1404	0.637	0.500
70	106	70_V	106_V	0.1403	0.637	0.500
260	324	260_G	324_A	0.1398	0.634	0.495
79	179	79_G	179_G	0.1395	0.633	0.493
48	53	48_T	53_G	0.1394	0.632	0.491
85	326	85_D	326_V	0.1393	0.632	0.491
202	209	202_G	209_I	0.1390	0.631	0.490
260	288	260_G	288_A	0.1389	0.630	0.488
39	43	39_G	43_T	0.1388	0.630	0.488
191	194	191_A	194_K	0.1386	0.629	0.486
93	96	93_K	96_N	0.1384	0.628	0.484
157	211	157_T	211_Y	0.1384	0.628	0.484
180	327	180_R	327_L	0.1378	0.625	0.479
273	277	273_K	277_D	0.1377	0.625	0.479
267	270	267_G	270_N	0.1376	0.624	0.478
335	338	335_T	338_P	0.1370	0.622	0.474
149	190	149_F	190_V	0.1365	0.619	0.469
53	57	53_G	57_L	0.1364	0.619	0.469
61	67	61_V	67_I	0.1364	0.619	0.469
282	289	282_A	289_V	0.1363	0.619	0.469
238	325	238_I	325_R	0.1358	0.616	0.464
83	109	83_M	109_H	0.1358	0.616	0.464
29	105	29_L	105_F	0.1345	0.610	0.454
242	325	242_Y	325_R	0.1338	0.607	0.449
120	326	120_F	326_V	0.1336	0.606	0.447
270	304	270_N	304_A	0.1336	0.606	0.447
31	91	31_T	91_L	0.1335	0.606	0.447
323	327	323_K	327_L	0.1335	0.606	0.447
339	342	339_Q	342_Q	0.1335	0.606	0.447
259	336	259_D	336_K	0.1331	0.604	0.443
154	171	154_A	171_V	0.1329	0.603	0.442
308	311	308_D	311_Y	0.1328	0.603	0.442
156	160	156_V	160_D	0.1326	0.602	0.440
161	166	161_K	166_R	0.1325	0.601	0.438
137	192	137_M	192_T	0.1323	0.600	0.437
36	77	36_A	77_N	0.1323	0.600	0.437
90	93	90_T	93_K	0.1322	0.600	0.437
91	94	91_L	94_K	0.1321	0.599	0.435
25	101	25_N	101_K	0.1320	0.599	0.435
236	288	236_V	288_A	0.1317	0.598	0.433
289	313	289_V	313_F	0.1308	0.593	0.425
26	158	26_I	158_A	0.1307	0.593	0.425
126	223	126_K	223_T	0.1307	0.593	0.425
153	204	153_N	204_I	0.1306	0.593	0.425
38	141	38_G	141_T	0.1303	0.591	0.422
242	245	242_Y	245_A	0.1302	0.591	0.422
288	328	288_A	328_L	0.1301	0.590	0.420
82	304	82_D	304_A	0.1295	0.587	0.415
24	159	24_P	159_A	0.1293	0.587	0.415
25	102	25_N	102_T	0.1292	0.586	0.413
64	155	64_L	155_V	0.1292	0.586	0.413
56	59	56_N	59_N	0.1291	0.586	0.413
237	245	237_G	245_A	0.1291	0.586	0.413
253	257	253_L	257_G	0.1290	0.585	0.412
96	125	96_N	125_V	0.1289	0.585	0.412
90	97	90_T	97_T	0.1288	0.584	0.410
67	159	67_I	159_A	0.1288	0.584	0.410
75	90	75_V	90_T	0.1287	0.584	0.410
52	151	52_V	151_L	0.1287	0.584	0.410
116	325	116_E	325_R	0.1285	0.583	0.408
66	69	66_D	69_N	0.1284	0.583	0.408
179	182	179_G	182_V	0.1284	0.583	0.408
172	192	172_M	192_T	0.1283	0.582	0.407
27	94	27_T	94_K	0.1281	0.581	0.405
149	174	149_F	174_D	0.1280	0.581	0.405
181	198	181_D	198_Y	0.1280	0.581	0.405
61	152	61_V	152_Y	0.1278	0.580	0.403
37	48	37_G	48_T	0.1275	0.579	0.402
81	112	81_Q	112_D	0.1275	0.578	0.400
266	270	266_V	270_N	0.1274	0.578	0.400
153	207	153_N	207_G	0.1273	0.578	0.400
81	266	81_Q	266_V	0.1270	0.576	0.397
195	199	195_S	199_G	0.1269	0.576	0.397
260	292	260_G	292_S	0.1267	0.575	0.395
30	108	30_A	108_T	0.1267	0.575	0.395
156	159	156_V	159_A	0.1267	0.575	0.395
30	37	30_A	37_G	0.1265	0.574	0.393
84	90	84_N	90_T	0.1264	0.574	0.393
247	250	247_D	250_A	0.1262	0.573	0.392
137	267	137_M	267_G	0.1259	0.571	0.388
73	97	73_E	97_T	0.1253	0.569	0.385
64	68	64_L	68_A	0.1245	0.565	0.379
27	72	27_T	72_G	0.1245	0.565	0.379
196	297	196_V	297_T	0.1243	0.564	0.377
220	223	220_T	223_T	0.1241	0.563	0.375
201	213	201_L	213_R	0.1239	0.562	0.374
75	91	75_V	91_L	0.1237	0.561	0.372
19	22	19_A	22_A	0.1237	0.561	0.372
169	202	169_L	202_G	0.1237	0.561	0.372
299	317	299_A	317_G	0.1236	0.561	0.372
212	217	212_Q	217_R	0.1233	0.559	0.369
157	202	157_T	202_G	0.1232	0.559	0.369
109	113	109_H	113_T	0.1231	0.559	0.369
62	67	62_P	67_I	0.1230	0.558	0.367
103	161	103_D	161_K	0.1230	0.558	0.367
230	333	230_L	333_T	0.1226	0.556	0.364
135	184	135_G	184_K	0.1226	0.556	0.364
132	157	132_V	157_T	0.1223	0.555	0.363
65	68	65_K	68_A	0.1221	0.554	0.361
283	288	283_A	288_A	0.1218	0.553	0.360
138	144	138_R	144_S	0.1215	0.551	0.356
304	307	304_A	307_D	0.1214	0.551	0.356
336	344	336_K	344_I	0.1211	0.549	0.353
132	176	132_V	176_V	0.1209	0.548	0.352
211	215	211_Y	215_P	0.1207	0.548	0.352
